Metrics\Shifts,0.5,0.6,0.7,0.8,0.9,1.0,1.1,1.2,1.3,1.4,1.5
MSE,0.029938636,0.017394021,0.008859352,0.0035224042,0.0007583164,0.0,0.00085970934,0.0030124977,0.00622822,0.01026005,0.014974529
MAE,0.16658121,0.12777285,0.09171078,0.05809751,0.027031286,0.0,0.029065892,0.054482967,0.07846221,0.10080774,0.121874064
MI,3.871873915437638,3.9719139420502447,4.066132287067983,4.144783611962332,4.224597574766463,4.291641393131864,4.277726902431325,4.262754862871121,4.246797818907616,4.229982193123343,4.21494827136225
NMI,0.9498365787234225,0.9620290853289252,0.9733724258655161,0.9827413238823015,0.9921582773996562,1.0,0.9983775685987762,0.9966288769444103,0.9947617555460248,0.9927903722117845,0.9910245470199845
PSNR,15.2376795,17.595999,20.52598,24.531607,31.201492,inf,30.65648,25.210733,22.05636,19.888504,18.246468
NCC,0.9985086873926983,0.9990261436978499,0.9994428803466403,0.9997489925030117,0.9999327870681368,1.0,0.9999346410110889,0.9997475569960997,0.9994646314847894,0.9990603701790082,0.9985905649068492
Nx2CC,0.9992543436963491,0.9995130718489249,0.9997214401733201,0.9998744962515058,0.9999663935340684,1.0,0.9999673205055444,0.9998737784980498,0.9997323157423947,0.9995301850895041,0.9992952824534246
SSIM,0.9091954,0.9426301,0.96821827,0.9857446,0.99636,1.0,0.9958923,0.9857927,0.9706039,0.951432,0.9291961
NSSIM,0.9545977115631104,0.9713150560855865,0.9841091334819794,0.9928722977638245,0.9981800019741058,1.0,0.9979461431503296,0.9928963482379913,0.9853019416332245,0.9757159948348999,0.9645980596542358
