Metrics\Shifts,0,1,2,3,4,5,6,7,8,9,10
MSE,0.0,0.0067985067,0.0191806,0.03399482,0.047878996,0.058212407,0.0645329,0.06744374,0.06847655,0.06880718,0.068718344
MAE,0.0,0.018190011,0.051194392,0.09073957,0.12773101,0.15532881,0.17210427,0.17989886,0.18258367,0.18341286,0.18327007
MI,4.291641393131864,3.5597989089835544,2.539473147475948,1.5287939305351335,0.7521047201127813,0.2880926065093198,0.08295226823034713,0.02169321719010313,0.01124571970266421,0.010397344387114437,0.010539420635614093
NMI,1.0,0.8294725916942839,0.5917253830993424,0.356225926281199,0.17524873380996217,0.06712876965218233,0.019328797686381703,0.00505475998642848,0.0026203773038123166,0.0024226964544973037,0.00245580179473543
PSNR,inf,21.675863,17.171377,14.685872,13.198549,12.349844,11.902187,11.710583,11.644581,11.623662,11.629272
NCC,1.0,0.9010240371083961,0.7207594942308927,0.5050869124277099,0.30295437876418874,0.15251536561161963,0.06049864588075606,0.018121173801711115,0.0030852501428780725,-0.0017283401210584028,-0.00043494190058498164
Nx2CC,1.0,0.950512018554198,0.8603797471154464,0.7525434562138549,0.6514771893820943,0.5762576828058098,0.5302493229403781,0.5090605869008555,0.501542625071439,0.4991358299394708,0.4997825290497075
SSIM,1.0,0.4618849,0.20077533,0.10501495,0.06274754,0.041814364,0.03111589,0.026840625,0.025472261,0.02469797,0.02497075
NSSIM,1.0,0.7309424430131912,0.6003876626491547,0.5525074750185013,0.5313737690448761,0.5209071822464466,0.5155579447746277,0.5134203126654029,0.5127361305058002,0.512348985299468,0.5124853746965528
