Metrics\Shifts,0,1,3,5,7,9,11,13,15,17,19
MSE,0.0,0.0,5.1064915e-05,0.00013075613,0.00030147837,0.00048264407,0.0007417666,0.00093223783,0.0012777615,0.00154787,0.0018630477
MAE,0.0,0.0,0.0049444977,0.008141749,0.012315432,0.01561593,0.019090112,0.021035653,0.024393803,0.026411224,0.028609361
MI,4.291641393131864,4.291641393131864,2.451937137582998,2.0064418783099547,1.6273921209550486,1.4387041792366275,1.2855749268041707,1.1827962065087898,1.0935110789638391,1.0223882579125823,0.9726247221155244
NMI,1.0,1.0,0.5763520612122326,0.47426696840019905,0.3871694315731456,0.3432909150134519,0.3082396436269091,0.28352201054136283,0.26285042043034773,0.2452350022606844,0.23330976289693037
PSNR,inf,inf,42.918774,38.83538,35.20744,33.163727,31.297325,30.304731,28.9355,28.102655,27.297758
NCC,1.0,1.0,0.9992938654221335,0.9982087298609815,0.9958864782945746,0.9935176263176009,0.9904469231100791,0.9872784113738207,0.9831815198757408,0.9787207212778515,0.9744265935493804
Nx2CC,1.0,1.0,0.9996469327110667,0.9991043649304907,0.9979432391472873,0.9967588131588004,0.9952234615550395,0.9936392056869103,0.9915907599378704,0.9893603606389257,0.9872132967746903
SSIM,1.0,1.0,0.98264045,0.9601067,0.92123145,0.8911788,0.8561838,0.8291462,0.7992269,0.7730337,0.75176305
NSSIM,1.0,1.0,0.9913202226161957,0.9800533354282379,0.96061572432518,0.9455893933773041,0.9280919134616852,0.9145731031894684,0.8996134400367737,0.8865168392658234,0.8758815228939056
